10 11 17 13 5390.0000 0.9840 13.0000 1.4000 1715.0000
0 0 0 0 592.0000 155.3000 0.1941 0.0010 2.5000 0.0010
13 2 2 0 1.0000 -1.0000 -35.0000 1.7500 0.1000
0.3000 0.3400 0.3948 0.4810 0.5412 0.6193 0.7080 0.8130 0.9100 1.0000
0.0000 -0.0270 -0.0530 -0.0540 0.0090 0.1370 0.4100 0.7300 0.9100 1.0400
2.2500 2.0520 1.8610 1.6800 1.6000 1.5341 1.4960 1.4785 1.4751 1.4750
2.2500 2.0180 1.7630 1.4120 1.2080 1.0010 0.7790 0.6800 0.6750 0.6750
0.0 0.0 0.0 -0.0004 -0.0027 -0.0090 -0.0240 -0.0517 -0.0972 -0.1632 -0.2487 -0.3512 -0.4660
-0.1000 0.0 0.1000 0.2000 0.3000 0.4000 0.5000 0.6000 0.7000 0.8000 0.9000 1.0000 1.1000
0.3850 0.3580 0.3220 0.2900 0.2600 0.2300 0.2010 0.1750 0.1500 0.1280 0.1080 0.0920 0.0790
0.3750 0.3450 0.3110 0.2800 0.2500 0.2200 0.1910 0.1650 0.1400 0.1190 0.1000 0.0840 0.0740
0.3650 0.3330 0.3000 0.2700 0.2400 0.2100 0.1810 0.1550 0.1310 0.1100 0.0920 0.0780 0.0690
0.3550 0.3210 0.2900 0.2590 0.2290 0.2000 0.1710 0.1460 0.1210 0.1010 0.0850 0.0730 0.0640
0.3450 0.3100 0.2800 0.2490 0.2190 0.1890 0.1610 0.1360 0.1130 0.0930 0.0790 0.0690 0.0590
0.3330 0.3000 0.2690 0.2380 0.2080 0.1790 0.1500 0.1270 0.1040 0.0860 0.0730 0.0630 0.0560
0.3200 0.2900 0.2580 0.2270 0.1970 0.1680 0.1400 0.1170 0.0950 0.0780 0.0680 0.0590 0.0520
0.3100 0.2790 0.2470 0.2150 0.1860 0.1570 0.1300 0.1070 0.0870 0.0730 0.0620 0.0550 0.0490
0.3000 0.2680 0.2360 0.2040 0.1750 0.1470 0.1200 0.0980 0.0790 0.0680 0.0580 0.0510 0.0460
0.2800 0.2570 0.2240 0.1930 0.1640 0.1360 0.1100 0.0880 0.0730 0.0620 0.0540 0.0470 0.0430
0.2510 0.2460 0.2130 0.1820 0.1530 0.1240 0.1000 0.0790 0.0670 0.0570 0.0500 0.0450 0.0400
0.2230 0.2230 0.2020 0.1700 0.1410 0.1130 0.0890 0.0700 0.0610 0.0520 0.0460 0.0430 0.0370
0.1940 0.1940 0.1900 0.1590 0.1300 0.1020 0.0790 0.0600 0.0000 0.0000 0.0000 0.0000 0.0000
0.1660 0.1660 0.1660 0.1480 0.1180 0.0910 0.0690 0.0500 0.0000 0.0000 0.0000 0.0000 0.0000
0.1370 0.1370 0.1370 0.1370 0.1060 0.0800 0.0590 0.0400 0.0000 0.0000 0.0000 0.0000 0.0000
0.1090 0.1090 0.1090 0.1090 0.0930 0.0700 0.0500 0.0300 0.0000 0.0000 0.0000 0.0000 0.0000
0.0800 0.0800 0.0800 0.0800 0.0800 0.0600 0.0400 0.0200 0.0000 0.0000 0.0000 0.0000 0.0000
-0.1000 0.0000 0.1000 0.2000 0.3000 0.4000 0.5000 0.6000 0.7000 0.8000 0.9000 1.0000 1.1000
0.6500 0.7500 0.8500 0.9500 1.0500 1.1500 1.2500 1.3500 1.4500 1.5500 1.6500 1.7500 1.8500 1.9500 2.0500 2.1500 2.2500